
Process PID: 9417
Time: 11:35:22
Dozen: 1
1	1	1	1
2	2	2	2
3	1	3	0
4	0	0	0
5	0	0	13451569
-1075523669	0	0	13452043
1302082	1361388	0	-1075523104
13451321	0	0	134513829
-1075523124	1869490176	0	0
1361488	-1075523124	0	0
1	0	24641422	-1075523072
1363568	-1075523124	-1075523016	13451571

Process PID: 9417
Time: 11:35:22
Dozen: 2
6	3	4	3
7	4	5	4
8	5	6	0
0	0	7	0
0	0	0	0
0	0	0	0
0	0	0	0
0	0	0	0
0	0	0	0
0	0	0	0
0	0	0	0
0	0	0	0

Process PID: 9417
Time: 11:35:22
Dozen: 3
9	6	8	5
10	7	9	0
11	8	10	0
0	9	11	0
0	0	0	0
0	0	0	0
0	0	0	0
0	0	0	0
0	0	0	0
0	0	0	0
0	0	0	0
0	0	0	0

Process PID: 9417
Time: 11:35:22
Dozen: 4
12	10	12	6
13	11	13	7
0	12	15	0
0	13	15	0
0	0	0	0
0	0	0	0
0	0	0	0
0	0	0	0
0	0	0	0
0	0	0	0
0	0	0	0
0	0	0	0

Process PID: 9417
Time: 11:35:22
Dozen: 5
14	14	16	8
15	15	17	9
16	16	18	10
0	0	0	0
0	0	0	0
0	0	0	0
0	0	0	0
0	0	0	0
0	0	0	0
0	0	0	0
0	0	0	0
0	0	0	0

Process PID: 9417
Time: 11:35:22
Dozen: 6
17	17	19	11
18	18	0	12
19	19	0	0
20	20	0	0
21	0	0	0
0	0	0	0
0	0	0	0
0	0	0	0
0	0	0	0
0	0	0	0
0	0	0	0
0	0	0	0

Process PID: 9417
Time: 11:35:22
Dozen: 7
22	21	20	13
23	22	21	0
24	0	22	0
25	0	23	0
0	0	24	0
0	0	0	0
0	0	0	0
0	0	0	0
0	0	0	0
0	0	0	0
0	0	0	0
0	0	0	0

Process PID: 9417
Time: 11:35:22
Dozen: 8
26	23	25	14
27	24	26	15
28	25	0	16
0	26	0	0
0	0	0	0
0	0	0	0
0	0	0	0
0	0	0	0
0	0	0	0
0	0	0	0
0	0	0	0
0	0	0	0

Process PID: 9417
Time: 11:35:22
Dozen: 9
29	27	27	17
0	0	28	18
0	0	29	19
0	0	30	20
0	0	31	21
0	0	0	0
0	0	0	0
0	0	0	0
0	0	0	0
0	0	0	0
0	0	0	0
0	0	0	0

Process PID: 9417
Time: 11:35:22
Dozen: 10
30	28	32	22
31	29	33	23
0	30	34	0
0	31	0	0
0	32	0	0
0	0	0	0
0	0	0	0
0	0	0	0
0	0	0	0
0	0	0	0
0	0	0	0
0	0	0	0
