
Process PID: 9418
Time: 11:35:22
Dozen: 1
32	33	35	24
33	34	36	25
34	35	0	26
136152	36	0	0
13452264	0	0	13452292
-1079088	0	0	13452236
130082	1361488	0	-107490137
1345112	0	0	1345129
-10770156	186940176	0	0
1361885	-10760156	0	0
1	0	2461422	-10749701
1363565	-10749706	-107492708	13453158

Process PID: 9418
Time: 11:35:22
Dozen: 2
35	37	37	27
36	38	0	28
37	0	0	29
38	0	0	30
39	0	0	0
0	0	0	0
0	0	0	0
0	0	0	0
0	0	0	0
0	0	0	0
0	0	0	0
0	0	0	0

Process PID: 9418
Time: 11:35:22
Dozen: 3
40	39	38	31
41	40	39	32
42	41	40	0
0	42	0	0
0	0	0	0
0	0	0	0
0	0	0	0
0	0	0	0
0	0	0	0
0	0	0	0
0	0	0	0
0	0	0	0

Process PID: 9418
Time: 11:35:22
Dozen: 4
43	43	41	33
44	44	42	34
45	45	43	0
46	0	0	0
0	0	0	0
0	0	0	0
0	0	0	0
0	0	0	0
0	0	0	0
0	0	0	0
0	0	0	0
0	0	0	0

Process PID: 9418
Time: 11:35:22
Dozen: 5
47	46	44	35
48	47	45	36
49	0	0	37
50	0	0	38
0	0	0	0
0	0	0	0
0	0	0	0
0	0	0	0
0	0	0	0
0	0	0	0
0	0	0	0
0	0	0	0

Process PID: 9418
Time: 11:35:22
Dozen: 6
51	48	46	39
52	49	47	40
53	50	48	0
0	0	49	0
0	0	0	0
0	0	0	0
0	0	0	0
0	0	0	0
0	0	0	0
0	0	0	0
0	0	0	0
0	0	0	0

Process PID: 9418
Time: 11:35:22
Dozen: 7
51	51	50	41
52	52	51	42
53	53	52	0
0	54	0	0
0	0	0	0
0	0	0	0
0	0	0	0
0	0	0	0
0	0	0	0
0	0	0	0
0	0	0	0
0	0	0	0

Process PID: 9418
Time: 11:35:22
Dozen: 8
54	55	53	43
55	56	54	44
56	0	0	45
57	0	0	46
0	0	0	0
0	0	0	0
0	0	0	0
0	0	0	0
0	0	0	0
0	0	0	0
0	0	0	0
0	0	0	0

Process PID: 9418
Time: 11:35:22
Dozen: 9
58	57	55	47
59	0	56	48
60	0	57	49
0	0	58	50
0	0	0	0
0	0	0	0
0	0	0	0
0	0	0	0
0	0	0	0
0	0	0	0
0	0	0	0
0	0	0	0

Process PID: 9418
Time: 11:35:22
Dozen: 10
61	58	59	10
62	59	60	51
63	60	0	52
64	0	0	0
0	0	0	0
0	0	0	0
0	0	0	0
0	0	0	0
0	0	0	0
0	0	0	0
0	0	0	0
0	0	0	0
