
Process PID: 9419
Time: 11:35:22
Dozen: 1
65	61	61	53
66	0	62	54
67	1	63	0
1361572	0	64	0
1345134	0	65	13451569
-10743458	0	66	13452043
13020822	1361488	0	-10744581
13451362	0	0	13451639
-107435836	186490176	0	0
1361488	-10743583	0	0
1	0	2464422	-10743457
1363568	-10743583	-10743545	1345181

Process PID: 9419
Time: 11:35:22
Dozen: 2
68	62	67	55
69	63	68	56
70	64	69	0
71	0	0	0
0	0	0	0
0	0	0	0
0	0	0	0
0	0	0	0
0	0	0	0
0	0	0	0
0	0	0	0
0	0	0	0

Process PID: 9419
Time: 11:35:22
Dozen: 3
72	65	70	57
73	66	71	0
74	67	72	0
75	68	0	0
0	0	0	0
0	0	0	0
0	0	0	0
0	0	0	0
0	0	0	0
0	0	0	0
0	0	0	0
0	0	0	0

Process PID: 9419
Time: 11:35:22
Dozen: 4
76	69	73	58
77	70	74	59
78	71	0	60
79	0	0	0
0	0	0	0
0	0	0	0
0	0	0	0
0	0	0	0
0	0	0	0
0	0	0	0
0	0	0	0
0	0	0	0

Process PID: 9419
Time: 11:35:22
Dozen: 5
80	72	75	61
81	73	76	0
82	74	0	0
83	75	0	0
0	76	0	0
0	0	0	0
0	0	0	0
0	0	0	0
0	0	0	0
0	0	0	0
0	0	0	0
0	0	0	0

Process PID: 9419
Time: 11:35:22
Dozen: 6
84	77	77	62
85	78	78	63
0	0	79	64
0	0	80	65
0	0	0	0
0	0	0	0
0	0	0	0
0	0	0	0
0	0	0	0
0	0	0	0
0	0	0	0
0	0	0	0

Process PID: 9419
Time: 11:35:22
Dozen: 7
86	79	81	66
87	80	82	67
0	81	83	68
0	0	0	69
0	0	0	0
0	0	0	0
0	0	0	0
0	0	0	0
0	0	0	0
0	0	0	0
0	0	0	0
0	0	0	0

Process PID: 9419
Time: 11:35:22
Dozen: 8
88	82	84	70
0	83	85	71
0	84	86	72
0	85	0	0
0	86	0	0
0	0	0	0
0	0	0	0
0	0	0	0
0	0	0	0
0	0	0	0
0	0	0	0
0	0	0	0

Process PID: 9419
Time: 11:35:22
Dozen: 9
89	87	87	73
90	88	88	74
91	89	0	0
92	0	0	0
93	0	0	0
0	0	0	0
0	0	0	0
0	0	0	0
0	0	0	0
0	0	0	0
0	0	0	0
0	0	0	0

Process PID: 9419
Time: 11:35:22
Dozen: 10
94	90	89	75
95	91	90	0
0	92	91	0
0	93	0	0
0	94	0	0
0	95	0	0
0	0	0	0
0	0	0	0
0	0	0	0
0	0	0	0
0	0	0	0
0	0	0	0
