
Process PID: 9420
Time: 11:35:22
Dozen: 1
96	96	92	76
97	0	93	77
98	1	94	78
136172	0	95	0
1345364	0	96	1351592
-1075832	0	0	1345246
130282	1361488	0	-1045180
1345212	0	0	1345189
-10741500	1894905	0	0
136188	-1074510	0	0
1	0	24645522	-1074558
1633568	-1074510	-10745579	1315718

Process PID: 9420
Time: 11:35:22
Dozen: 2
99	97	97	79
100	98	0	80
101	0	0	81
101	0	0	82
0	0	0	83
0	0	0	0
0	0	0	0
0	0	0	0
0	0	0	0
0	0	0	0
0	0	0	0
0	0	0	0

Process PID: 9420
Time: 11:35:22
Dozen: 3
102	99	98	84
103	100	99	85
0	101	100	86
0	0	101	0
0	0	0	0
0	0	0	0
0	0	0	0
0	0	0	0
0	0	0	0
0	0	0	0
0	0	0	0
0	0	0	0

Process PID: 9420
Time: 11:35:22
Dozen: 4
104	101	101	87
105	102	102	88
106	103	103	0
0	0	104	0
0	0	0	0
0	0	0	0
0	0	0	0
0	0	0	0
0	0	0	0
0	0	0	0
0	0	0	0
0	0	0	0

Process PID: 9420
Time: 11:35:22
Dozen: 5
107	104	105	89
108	105	106	90
109	106	107	0
0	0	108	0
0	0	0	0
0	0	0	0
0	0	0	0
0	0	0	0
0	0	0	0
0	0	0	0
0	0	0	0
0	0	0	0

Process PID: 9420
Time: 11:35:22
Dozen: 6
110	107	109	91
111	0	110	92
0	0	111	93
0	0	112	94
0	0	0	95
0	0	0	0
0	0	0	0
0	0	0	0
0	0	0	0
0	0	0	0
0	0	0	0
0	0	0	0

Process PID: 9420
Time: 11:35:22
Dozen: 7
64	111	117	96
66	112	119	97
0	113	120	99
0	114	0	0
0	0	0	0
0	0	0	0
0	0	0	0
0	0	0	0
0	0	0	0
0	0	0	0
0	0	0	0
0	0	0	0

Process PID: 9420
Time: 11:35:22
Dozen: 8
67	115	121	100
68	116	122	0
69	117	123	0
0	0	124	0
0	0	125	0
0	0	0	0
0	0	0	0
0	0	0	0
0	0	0	0
0	0	0	0
0	0	0	0
0	0	0	0

Process PID: 9420
Time: 11:35:22
Dozen: 9
70	118	126	20
71	119	127	101
72	0	0	102
73	0	0	103
0	0	0	0
0	0	0	0
0	0	0	0
0	0	0	0
0	0	0	0
0	0	0	0
0	0	0	0
0	0	0	0

Process PID: 9420
Time: 11:35:22
Dozen: 10
74	120	128	104
75	121	129	105
76	0	80	0
77	0	0	0
78	0	0	0
0	0	0	0
0	0	0	0
0	0	0	0
0	0	0	0
0	0	0	0
0	0	0	0
0	0	0	0
